1 2.0 5.125
1 6.0 9.0
1 10.0 12.75
0 17.0
0 18.0
0 23.5
0 25.0
1 26.0 27.625
0 30.0
0 33.0
0 36.0
0 36.5
0 37.0
0 37.5
1 41.0 43.0
0 48.5
0 50.25
0 52.0
1 54.0 55.5
0 56.0
0 58.0
0 61.5
0 64.0
0 65.0
0 66.0
0 68.0
0 68.5
0 69.0
0 69.5
0 70.875
0 71.5
0 73.5
0 74.0
0 75.0
1 75.5 77.375
0 78.5
0 79.5
0 82.0
0 83.0
0 84.0
0 85.0
0 86.5
0 91.5
0 92.5
0 94.0
0 95.0
0 97.0
0 98.5
0 99.0
0 99.5
0 100.0
0 100.75
0 102.0
0 102.5
0 103.0
0 103.5
0 104.0
0 104.5
0 105.0
0 105.5
0 106.0
0 106.5
0 107.0
0 107.5
0 111.0
0 111.5
0 112.75
0 114.0
0 115.5
0 116.25
0 117.5
0 119.75
0 121.75
0 123.5
0 125.25
0 125.75
0 127.25
0 128.5
0 129.0
0 130.75
0 132.0
0 133.75
0 134.75
0 136.25
0 137.0
0 138.0
0 138.5
0 139.0
0 139.5
0 140.0
0 140.5
0 142.0
0 142.5
0 145.0
0 145.5
0 146.0
0 147.0
0 148.75
0 150.0
0 152.0
0 153.0
0 154.0
0 155.0
0 156.0
0 157.0
0 161.0
0 163.0
0 166.0
0 167.0
0 169.0
0 170.0
0 171.0
0 172.0
0 173.0
0 173.5
0 174.0
0 174.5
0 175.0
0 175.5
0 176.0
0 176.5
0 177.0
0 178.5
0 182.0
0 183.0
0 185.0
0 187.0
0 190.0
0 191.0
0 194.0
0 200.125
0 202.0
0 203.0
0 205.0
0 205.5
0 207.5
0 208.125
0 208.875
0 209.375
0 210.0
1 211.0 213.75
1 214.0 216.75
1 217.0 217.75
1 218.0 218.75
1 219.0 225.75
1 226.0 227.25
1 227.5 228.25
1 228.5 230.75
1 231.0 231.75
1 232.0 235.25
1 235.5 236.25
1 236.5 238.25
1 238.5 239.75
0 242.0
0 243.5
0 244.0
0 245.5
0 246.0
0 246.5
0 247.0
0 248.0
0 249.0
0 249.5
0 250.0
0 250.5
0 251.0
0 252.0
0 252.5
0 253.0
0 254.5
0 255.0
0 255.5
0 256.0
0 258.0
0 258.5
0 259.0
0 260.0
0 261.5
0 262.0
0 262.5
0 263.0
0 264.0
0 265.0
0 265.75
0 266.5
0 267.0
0 268.0
0 269.0
0 270.0
0 271.0
0 272.0
0 274.0
0 274.75
0 275.5
0 276.25
0 277.0
0 278.0
0 278.75
0 279.5
0 280.0
1 282.0 282.25
1 282.75 283.0
1 283.5 283.75
0 286.0
0 286.75
0 287.5
0 288.0
0 289.0
0 289.5
0 290.0
0 291.0
0 292.0
0 293.0
0 293.5
0 294.0
0 296.0
0 297.5
0 298.0
0 298.5
0 299.0
0 299.5
0 300.0
0 300.5
0 301.0
0 301.5
1 302.0 302.75
1 303.0 303.75
1 304.0 305.0
0 308.0
0 309.0
0 309.5
0 310.0
0 311.0
0 312.0
0 312.75
0 313.5
0 314.0
0 315.0
0 316.0
0 317.0
0 317.5
0 318.0
0 319.0
0 321.25
0 321.75
0 323.0
0 325.0
0 325.5
0 326.0
0 327.0
0 328.0
0 329.0
0 329.5
1 330.0 331.5
0 333.0
1 334.0 334.75
1 335.0 335.75
1 336.0 336.75
0 337.25
0 337.75
1 341.0 342.75
1 343.0 344.75
1 348.0 349.25
1 350.0 351.5
0 353.0
1 354.0 354.75
1 355.5 356.75
1 358.0 359.0
1 360.0 361.0
1 363.6 364.5
1 365.0 366.0
0 367.0
0 368.0
0 369.0
0 371.5
0 373.0
0 374.0
0 375.0
0 375.5
0 376.0
0 377.0
0 378.0
0 379.0
0 381.0
0 381.5
0 382.0
0 384.0
0 386.75
0 388.0
0 389.0
0 390.0
0 392.0
0 393.0
0 393.5
0 394.0
0 397.4
0 399.0
1 400.0 400.25
0 401.0
0 401.5
0 402.0
0 403.0
0 404.0
0 405.25
0 406.5
0 407.25
0 408.5
0 410.0
0 410.75
0 411.5
0 412.25
0 412.75
0 413.25
0 413.75
0 414.25
0 415.0
0 415.75
0 416.25
0 416.75
0 417.25
0 418.0
0 418.5
0 419.0
0 419.5
0 420.0
0 420.5
0 421.0
0 421.5
0 422.0
0 422.5
0 423.0
0 423.75
0 424.25
0 424.75
0 425.5
0 426.0
0 426.5
0 427.0
0 427.5
0 428.0
0 428.5
0 429.0
0 429.5
0 430.0
0 430.5
0 431.0
0 431.5
0 432.0
0 432.5
0 433.0
0 433.5
1 434.0 434.5
0 437.0
0 439.0
0 439.5
0 441.0
1 443.5 444.0
0 445.0
0 448.0
1 450.0 450.5
0 451.0
0 452.0
1 453.0 453.5
0 457.0
1 458.0 458.5
0 461.0
0 462.0
