1 2.0 5.5
1 6.0 8.125
1 10.0 12.125
0 14.0
0 19.0
0 22.0
0 25.0
0 26.0
1 28.0 28.125
1 28.5 28.625
1 29.0 29.125
1 29.5 29.625
0 31.5
0 33.0
0 34.0
0 38.0
1 41.0 43.0
0 46.0
0 48.0
0 50.0
0 51.0
0 52.0
0 52.5
0 53.0
0 53.5
0 55.0
0 57.5
0 60.0
0 62.0
0 63.0
0 66.0
0 68.0
0 68.5
0 69.0
0 69.5
0 70.5
0 71.375
0 73.5
0 74.0
0 75.0
1 75.5 77.375
0 78.0
0 79.0
0 80.0
0 81.0
0 82.5
0 83.5
0 85.5
0 86.0
0 87.0
0 88.0
0 89.0
0 90.0
0 91.0
0 92.0
1 93.0 93.375
0 94.0
0 94.5
0 96.5
0 101.0
0 102.25
0 102.75
0 103.25
0 103.75
0 104.25
0 104.75
0 105.25
0 105.75
0 106.5
0 107.0
0 107.5
0 111.0
0 111.5
0 112.0
0 113.25
0 115.25
0 116.75
0 117.75
0 118.5
0 120.5
0 121.0
0 122.25
0 123.0
0 124.25
0 125.0
0 126.5
0 127.75
0 129.0
0 130.0
0 131.25
0 132.75
0 136.0
0 137.1875
0 138.0
0 138.5
0 139.0
0 139.5
0 140.0
0 140.5
1 141.0 141.75
0 142.0
0 143.0
0 144.0
0 147.0
0 148.0
0 149.5
0 151.0
0 153.0
0 155.0
0 156.0
1 157.0 160.0
0 161.0
0 165.5
0 166.0
0 167.0
0 169.0
0 171.0
0 172.0
0 173.0
0 173.5
0 174.0
0 174.5
0 175.0
0 175.5
0 176.0
0 176.5
0 177.0
0 178.0
0 179.0
0 179.5
0 180.0
0 180.5
0 181.0
0 181.5
0 184.0
0 185.0
0 186.0
0 187.0
0 188.0
0 189.0
0 190.0
0 191.0
0 192.0
0 193.0
0 194.75
0 196.0
0 196.5
0 197.0
0 198.0
0 199.0
0 199.875
0 202.0
0 203.0
0 205.0
0 205.5
0 206.5
0 207.333
0 208.5
0 209.166
0 209.833
1 210.5 212.75
1 213.0 217.0
1 217.25 218.25
1 218.5 220.75
1 221.0 226.75
1 227.0 229.75
1 230.0 234.5
1 234.75 236.75
1 237.0 238.75
1 239.0 239.75
0 240.0
0 240.5
0 241.0
0 241.5
0 242.0
0 243.0
0 245.0
0 246.0
0 248.0
0 250.0
0 251.0
0 252.0
0 253.0
0 254.0
0 256.0
0 256.5
0 257.0
0 257.5
0 258.0
0 259.0
0 260.0
0 261.0
0 262.0
0 263.0
0 264.25
0 265.0
0 266.0
0 267.0
0 268.0
0 269.0
0 270.5
0 272.0
0 274.0
0 274.75
0 275.5
0 276.0
0 276.5
0 277.0
0 277.5
0 278.0
0 278.75
0 279.5
0 280.0
0 280.5
0 281.0
0 281.5
0 282.0
0 282.75
0 283.5
0 284.0
0 284.5
0 285.0
0 285.5
0 286.0
0 286.75
0 287.5
1 288.0 289.75
0 291.0
0 292.0
0 293.5
0 294.0
0 295.0
0 296.0
0 297.0
0 298.0
0 298.5
0 299.0
0 299.5
0 300.0
0 300.5
0 301.0
0 301.5
1 303.0 304.5
0 305.0
0 306.0
0 308.0
0 311.0
0 312.0
0 313.0
0 314.0
0 315.0
0 316.0
0 317.0
0 317.5
0 318.0
0 320.0
0 321.0
0 321.5
0 322.0
0 324.0
0 325.0
0 325.5
0 326.0
0 328.75
0 329.5
1 330.0 332.75
0 333.0
1 334.0 334.75
1 335.0 335.75
1 336.0 336.75
0 337.0
0 337.5
1 338.0 339.25
0 340.0
0 341.0
1 342.0 343.75
0 346.0
0 348.0
0 349.0
0 350.0
0 351.0
0 352.0
0 353.5
0 354.0
1 356.0 356.5
1 359.0 360.0
1 363.5 364.5
1 365.5 366.5
0 367.0
0 368.0
0 369.0
0 370.0
0 372.0
0 373.0
0 374.5
0 376.5
0 378.0
0 379.0
0 380.0
0 380.5
0 381.0
0 382.5
0 383.0
0 384.0
0 385.0
0 386.0
0 387.5
0 390.0
0 393.5
0 394.0
0 396.0
0 398.5
1 400.0 401.0
0 402.5
0 403.0
0 404.0
0 404.75
0 405.5
0 406.75
0 407.5
0 408.5
0 409.25
0 410.75
0 411.75
0 412.25
0 413.0
0 414.0
0 415.0
0 415.5
0 416.25
0 416.75
0 417.5
0 418.0
0 418.5
0 419.0
0 419.75
0 420.25
0 421.0
0 421.5
0 422.0
0 422.75
0 423.25
0 424.0
0 424.5
0 425.0
0 426.0
0 426.5
0 427.0
0 427.5
0 428.25
0 428.75
0 429.25
0 429.75
0 430.25
0 430.75
0 431.25
0 431.75
0 432.25
0 432.75
0 433.25
0 433.75
1 435.5 436.0
0 437.0
0 438.0
0 440.0
1 441.0 441.5
0 443.0
1 445.0 445.5
0 447.0
0 450.0
1 451.5 452.0
0 453.0
0 455.0
0 455.5
1 457.0 457.5
0 459.0
1 459.5 460.0
0 461.0
0 463.0
0 464.0