1 2.0 5.375
1 6.0 8.25
0 15.5
1 19.0 19.125
0 25.0
0 26.0
0 31.5
0 33.0
1 34.0 35.5
0 41.0
0 46.0
0 48.0
0 50.0833
0 52.0
0 52.5
0 53.0
0 55.0
0 57.0
0 59.0
0 61.0
0 62.0
0 64.0
0 66.0
0 67.0
0 70.0
0 70.625
0 71.25
0 72.5
0 74.0
1 75.5 77.75
0 78.0
0 79.0
0 80.0
0 81.0
0 82.0
0 83.0
0 84.0
0 85.5
0 86.0
0 87.0
0 88.0
0 89.0
0 90.5
0 92.0
1 93.0 93.5
0 94.0
0 94.75
0 96.5
0 98.0
0 98.5
0 99.0
0 99.5
0 100.5
0 101.0
0 102.25
0 102.75
0 103.25
0 103.75
0 104.25
0 104.75
0 105.25
0 105.75
1 108.0 109.625
0 111.0
0 111.5
0 112.25
0 113.5
0 114.5
0 115.0
0 115.75
0 116.5
0 117.0
0 118.25
0 118.75
0 119.25
0 120.25
0 121.25
0 122.75
0 124.0
0 124.75
0 126.25
0 126.75
0 127.5
0 128.0
0 129.25
0 129.75
0 130.25
0 131.0
0 131.5
0 132.5
0 133.25
0 134.25
0 135.0
0 136.0833
0 137.1666
0 138.0
0 138.5
0 139.0
0 139.5
0 140.0
0 141.5
1 141.0 141.625
0 143.0
0 144.0
0 147.0
0 148.0
0 148.75
0 149.5
0 150.0
0 152.0
0 153.5
0 154.0
0 155.0
0 156.0
0 157.0
0 161.0
0 162.0
0 163.0
0 164.0
0 165.0
0 170.0
0 173.0
0 173.5
0 174.0
0 174.5
0 177.0
0 182.5
0 185.0
0 189.5
0 191.0
0 193.0
0 193.875
0 195.875
0 198.125
0 200.0
0 202.0
0 203.0
0 205.0
0 205.5
0 207.0
0 208.25
0 208.75
0 209.5
1 210.0 211.375
1 211.5 217.5
1 218.75 219.75
1 220.0 227.75
1 228.0 232.75
1 233.0 234.75
1 235.0 235.75
1 236.0 237.75
1 238.0 239.75
0 240.0
0 240.5
0 241.0
0 241.5
0 242.5
0 243.0
0 244.0
0 245.0
0 247.0
0 247.5
0 248.5
0 249.0
0 251.0
0 253.5
0 254.0
0 255.0
0 256.0
0 259.0
0 260.5
0 261.0
0 263.0
0 264.0
0 264.75
0 265.25
0 266.0
0 267.5
0 268.0
0 269.5
0 270.0
0 271.0
0 271.5
0 272.0
0 274.0
0 274.75
0 275.5
0 276.0
0 276.75
0 277.5
1 278.0 278.25
1 278.75 279.0
1 279.5 279.75
0 280.0
0 280.5
0 281.0
0 281.5
0 282.0
0 282.75
0 283.5
0 284.0
0 284.5
0 285.0
0 285.5
1 286.0 286.25
1 286.75 287.0
1 287.5 287 75
1 288.0 289.625
0 290.0
0 293.0
0 294.0
0 295.0
0 296.0
0 297.0
0 297.5
0 298.0
0 299.0
0 300.0
0 300.5
0 301.0
0 301.5
