1 2.0 5.25
1 10.0 11.5
0 15.5
0 17.0
0 18.0
1 20.0 20.5
1 21.0 21.5
0 23.5
0 25.0
0 26.0
0 33.0
0 36.0
0 36.5
0 37.0
0 37.5
1 39.5 39.75
0 41.0
0 47.0
0 48.5
0 50.166
0 52.0
0 52.5
0 56.5
0 58.0
0 60.5
0 62.0
0 64.0
0 66.0
0 67.0
0 70.0
0 70.75
0 71.375
0 72.5
0 74.0
0 75.0
1 75.5 77.5
0 78.0
0 79.0
0 80.0
0 81.0
0 82.0
0 83.0
0 84.0
0 85.0
0 87.5
0 90.0
0 91.0
0 92.0
1 93.0 93.625
0 94.0
0 95.0
0 96.0
0 96.75
0 98.0
0 100.0
0 100.75
0 102.0
0 102.5
0 103.0
0 103.5
0 104.0
0 104.5
0 105.0
0 105.5
0 106.0
0 106.5
0 107.0
0 107.5
0 111.0
0 111.5
0 112.5
0 113.0
0 113.75
0 114.25
0 114.75
0 116.0
0 117.25
0 118.0
0 119.0
0 119.5
0 120.0
0 120.75
0 121.5
0 122.0
0 122.5
0 123.25
0 123.75
0 124.5
0 125.5
0 126.0
0 127.0
0 128.25
0 128.75
0 129.5
0 130.0
0 131.0
0 131.75
0 132.25
0 133.0
0 133.5
0 134.0
0 134.5
0 136.1666
0 137.0833
0 138.0
0 138.5
0 139.0
0 139.5
1 140.0 140.125
0 140.5
0 142.0
0 142.5
0 143.0
0 144.0
0 145.0
0 145.5
0 146.0
0 147.0
0 148.0
0 148.75
0 149.5
0 150.0
0 151.0
0 152.0
0 153.0
0 153.5
0 154.0
0 155.0
0 156.0
1 157.0 159.5
0 161.0
0 163.0
0 164.0
0 165.0
0 165.5
0 167.0
0 169.0
0 171.0
0 173.0
0 173.5
0 174.0
0 174.5
0 177.0
0 178.5
0 179.5
0 180.0
0 180.5
0 181.0
0 185.0
0 188.0
0 189.0
0 190.0
0 192.0
0 195.0
0 196.0
0 198.0
0 199.0
0 200.0
0 202.0
0 203.0
0 205.0
0 205.5
0 206.1666
0 206.75
0 207.8333
0 208.375
0 209.0
0 209.75
1 212.0 217.375
1 217.625 219.25
1 219.5 226.25
1 226.5 230.25
1 230.5 233.75
1 234.0 235.0
1 235.25 237.25
1 237.5 239.25
1 239.5 239.75
0 242.0
0 243.0
0 244.0
0 244.5
0 245.0
0 246.0
0 247.0
0 248.0
0 249.0
0 250.0
0 251.5
0 252.0
0 253.0
0 254.0
0 255.0
0 256.0
0 258.0
0 259.5
0 260.0
0 261.0
0 262.0
0 263.5
0 264.0
0 264.5
0 265.0
0 265.5
0 266.0
0 267.0
0 268.5
0 269.0
0 270.0
0 271.0
0 272.0
0 274.0
0 274.75
0 275.5
0 276.0
0 276.5
0 277.25
0 278.0
0 278.75
0 279.5
0 280.0
0 280.5
0 281.0
0 281.5
1 282.0 282.25
1 282.75 283.0
1 283.5 283.75
0 284.0
1 286.0 286.25
1 286.75 287.0
1 287.5 287.75
0 289.0
0 289.5
0 290.0
0 291.0
0 292.0
0 293.0
0 293.5
0 295.0
0 297.0
0 298.0
0 298.5
0 299.0
0 299.5
0 300.0
0 301.0
1 303.0 304.833
0 305.0
0 306.0
0 307.0
0 308.0
0 309.0
0 309.5
0 310.0
0 312.75
0 313.5
0 315.0
0 317.0
0 317.5
0 318.0
0 319.0
0 320.0
0 321.25
0 321.75
0 323.0
0 324.0
0 325.0
0 325.5
0 326.0
0 327.0
0 328.0
0 329.0
0 329.5
1 330.0 331.25
0 334.0
0 335.0
0 336.0
0 337.25
0 337.75
1 340.0 341.75
0 342.0
0 343.0
0 344.0
1 345.0 346.75
1 349.0 350.25
1 352.0 352.75
0 353.0
0 354.0
0 358.0
0 359.0
0 360.0
0 361.0
1 362.0 363.0
1 364.5 365.5
0 366.0
0 367.0
0 368.0
0 369.0
0 371.0
0 372.0
0 373.0
0 374.0
0 375.0
0 375.5
0 376.0
0 377.5
0 378.5
0 381.5
0 382.0
0 383.5
0 384.0
0 386.5
0 387.0
0 388.0
0 389.5
0 391.0
0 393.5
1 394.0 395.5
0 397.0
0 398.0
0 399.0
1 400.0 400.5
0 401.0
0 401.5
0 402.0
0 403.25
0 404.25
0 405.0
0 405.5
0 406.25
0 407.0
0 407.75
0 408.25
0 408.75
0 409.5
0 410.25
0 411.25
0 411.75
0 413.0
0 414.5
0 415.0
0 416.0
0 417.25
0 417.75
0 418.25
0 419.0
0 419.5
0 420.0
0 420.75
0 421.25
0 421.75
0 422.25
0 423.0
0 423.5
0 424.0
0 424.75
0 425.25
0 425.75
0 426.25
0 426.75
0 427.25
0 428.0
0 428.5
0 429.0
0 429.5
0 430.0
0 430.5
0 431.0
0 431.5
0 432.0
0 432.5
0 433.0
0 433.5
1 434.0 434.5
0 435.0
1 437.0 437.5
0 439.0
0 439.5
1 441.0 441.5
1 442.0 442.5
0 443.0
0 445.0
0 446.0
0 448.0
1 450.0 450.5
0 451.0
1 453.0 453.5
0 456.0
1 457.0 457.5
1 458.0 458.5
1 459.5 460.0
1 461.0 461.5
