1 7.688 10.091
0 13.043
0 13.252
0 13.487
0 15.107
0 15.290
0 15.551
0 17.745
0 19.548
0 22.055
0 22.290
0 23.936
0 24.250
0 25.948
0 26.235
0 27.436
0 30.049
0 30.284
0 30.597
0 30.859
0 31.094
0 31.355
0 31.642
0 31.799
0 32.948
0 33.941
1 34.855 35.090
0 35.639
0 37.102
0 37.598
0 37.990
0 38.147
0 38.852
0 39.139
0 39.348
0 39.636
0 39.792
1 40.785 40.942
0 41.099
0 41.908
0 42.039
0 42.509
0 43.345
1 44.442 44.886
1 45.487 45.748
1 46.401 46.636
1 47.290 47.551
1 48.099 48.256
1 48.596 48.752
1 49.040 49.196
0 49.458
0 49.850
0 50.059
0 50.189
1 52.958 53.402
1 54.656 54.996
0 55.309
1 56.589 57.007
1 57.399 57.556
1 58.601 58.940
0 59.149
0 59.645
1 61.134 61.840
1 62.806 63.041
1 63.303 63.459
1 65.236 65.445
1 65.601 65.758
1 66.646 66.855
1 68.684 69.050
1 69.337 69.546
0 70.460
1 71.688 71.897
1 72.498 72.837
1 73.386 73.699
0 73.856
0 74.300
1 76.756 77.043
1 77.644 79.002
0 80.152
0 80.935
1 82.085 83.051
1 83.756 84.906
1 85.193 85.846
1 86.055 87.309
1 87.596 88.537
1 88.850 91.410
1 92.586 93.187
1 93.500 95.041
1 95.956 96.191
0 96.609
0 97.941
1 98.437 98.594
1 99.639 100.736
1 100.945 101.650
1 101.938 103.192
1 103.453 106.953
1 108.259 108.599
1 109.356 109.644
0 110.454
0 110.636
1 114.346 114.842
1 117.846 118.055
1 120.197 120.641
1 122.287 122.810
0 123.254
0 123.384
0 124.246
0 124.508
0 124.743
0 125.187
0 125.343
0 126.258
0 126.545
0 126.806
1 127.198 128.556
1 131.508 131.900
1 133.389 133.703
1 135.139 136.550
1 138.039 138.744
0 141.095
0 141.409
0 141.592
0 141.801
0 142.558
1 143.551 143.786
1 144.543 144.805
0 145.797
1 151.596 152.093
1 152.537 152.955
1 153.686 154.601
1 154.888 155.593
1 156.246 156.455
1 157.108 158.806
1 159.459 159.799
1 159.956 160.739
1 161.445 162.542
1 163.038 163.691
1 165.441 166.591
1 166.956 167.453
1 168.158 168.341
1 168.498 168.837
