1 6.042 7.845
1 12.651 12.808
0 14.741
0 17.040
0 17.301
0 17.484
0 18.999
0 19.286
0 21.507
0 21.742
0 23.440
0 23.753
0 25.451
0 25.686
0 27.201
0 32.504
0 33.654
1 34.385 34.855
1 35.352 35.691
1 36.841 37.389
0 37.990
0 38.147
0 38.539
0 39.845
0 40.393
0 41.934
0 42.039
0 42.457
0 42.849
0 43.110
1 44.155 44.756
1 45.252 45.539
1 46.088 46.454
1 47.107 47.499
1 47.943 48.152
1 48.439 48.648
1 48.935 49.144
1 49.405 49.588
0 49.850
0 50.006
0 50.085
0 50.241
0 50.346
0 50.450
0 50.555
0 50.659
0 50.790
0 50.894
0 51.051
0 51.156
0 51.234
0 51.391
0 51.495
0 51.600
0 51.756
1 52.749 53.089
0 53.794
0 53.951
1 54.238 55.152
1 55.936 56.093
1 56.197 57.059
1 57.791 57.948
0 58.052
1 58.235 59.149
0 59.698
0 59.959
0 60.194
0 60.403
1 60.638 60.899
1 61.788 62.310
1 62.545 62.885
0 63.198
0 63.355
0 63.538
1 64.896 65.236
1 65.445 65.601
1 66.411 66.855
1 68.501 68.762
1 70.643 70.800
1 71.244 71.740
1 72.158 72.759
1 73.151 73.595
1 74.300 74.457
0 74.588
1 74.744 74.953
1 76.939 77.148
1 77.356 77.905
1 78.140 79.054
0 79.890
0 81.144
1 81.850 83.051
1 84.096 84.410
1 84.645 86.238
1 86.552 87.152
1 87.596 88.145
1 88.641 91.410
1 92.690 92.899
1 93.056 93.552
1 94.049 95.041
1 95.694 96.034
1 96.948 97.105
0 97.236
0 97.497
0 97.758
1 99.952 100.240
1 100.449 102.199
1 102.486 103.035
1 103.453 107.005
1 107.841 108.312
1 109.696 109.905
1 110.140 110.845
1 113.353 114.894
1 117.585 118.160
1 121.242 122.862
1 123.802 123.985
1 125.709 125.944
1 127.198 128.348
1 130.150 136.236
1 137.046 138.640
1 140.494 140.939
1 142.297 142.689
1 143.864 144.099
1 144.308 144.805
1 145.588 146.006
0 150.552
1 151.335 151.910
1 152.302 152.955
1 153.791 154.705
1 154.888 155.541
1 156.037 156.351
1 156.899 158.806
1 159.198 159.747
1 160.243 160.556
1 161.210 162.594
1 163.352 163.691
1 164.449 164.997
1 166.408 166.591
1 166.956 167.505
1 167.897 168.236
1 168.785 168.994
1 169.856 170.666
