1 10.039 11.606
0 12.050
0 12.207
0 13.801
0 14.088
0 14.245
0 14.401
0 15.786
0 16.099
0 16.361
0 18.006
0 18.241
0 20.096
0 20.357
1 22.552 22.708
0 24.485
0 26.548
1 28.037 35.743
1 37.337 37.598
0 38.303
0 41.334
0 41.647
0 42.196
0 43.659
1 44.756 45.069
1 45.696 45.905
1 46.584 46.845
1 47.499 47.708
1 48.204 48.413
1 48.700 48.857
1 49.144 49.301
1 49.536 49.693
0 50.842
0 50.894
0 51.051
0 51.234
0 51.391
0 51.548
1 51.939 52.096
1 53.245 53.559
1 54.943 55.649
1 56.955 57.399
1 58.888 59.201
1 62.101 62.441
1 63.747 63.903
0 64.008
0 64.191
1 64.452 64.687
1 66.803 67.900
1 68.997 69.650
1 70.094 70.643
1 72.837 73.099
1 73.647 73.804
0 73.908
1 74.143 74.352
1 75.659 76.233
1 76.547 76.808
0 80.387
1 80.648 80.805
1 82.241 83.051
1 83.495 85.507
1 85.637 87.361
1 87.544 88.537
1 89.347 91.410
1 91.593 95.094
1 96.295 96.452
0 98.150
1 99.404 101.206
1 101.441 103.270
1 103.453 107.005
0 107.345
1 107.450 107.606
1 108.547 108.703
0 108.808
1 109.043 109.409
1 110.898 111.107
1 111.446 114.947
0 117.245
1 117.402 117.559
0 118.238
0 118.552
0 118.787
0 119.048
1 119.309 126.937
1 127.146 128.556
0 131.195
1 131.404 131.561
0 131.848
0 132.135
0 132.344
0 132.553
0 132.736
0 133.050
1 133.259 133.441
1 133.650 133.807
0 134.042
0 134.356
0 134.539
0 134.695
1 135.139 136.550
0 142.741
0 143.107
0 143.342
0 144.752
0 145.954
0 147.156
0 147.339
0 147.548
0 147.756
0 147.992
0 148.253
1 148.436 151.100
1 151.858 152.041
1 152.798 153.007
0 153.138
0 153.347
1 153.503 154.653
1 154.888 155.593
1 156.403 156.638
1 157.448 158.806
1 159.694 160.060
1 161.758 162.542
1 162.855 163.247
1 164.945 166.539
1 166.956 167.505
1 168.236 168.550
1 170.796 171.946
