1 3.952 6.094
0 12.390
0 14.506
1 16.596 16.805
0 18.607
1 20.645 20.801
0 20.984
0 21.245
0 22.943
0 23.257
0 24.955
0 25.190
0 26.940
0 28.090
0 28.299
0 28.534
0 28.743
0 29.004
0 29.239
0 29.500
0 29.735
1 32.086 32.348
0 33.445
1 34.098 34.437
1 35.143 35.404
0 35.900
0 36.135
1 36.396 36.605
0 38.303
0 40.001
0 40.236
0 42.196
1 43.998 44.155
1 44.991 45.304
1 45.905 46.140
1 46.845 47.159
1 47.786 47.943
1 48.334 48.491
0 48.857
1 49.249 49.458
0 50.894
0 51.051
0 51.156
0 51.234
0 51.339
0 51.495
0 51.600
0 51.756
0 52.044
0 52.253
1 52.540 52.697
1 54.055 54.290
0 55.858
1 56.093 56.302
0 57.948
0 58.156
1 60.899 61.239
1 62.310 62.650
1 63.041 63.198
0 64.687
0 65.784
0 65.993
0 66.254
0 66.359
0 68.135
1 68.344 68.553
1 70.748 70.904
0 71.009
1 71.949 72.210
1 73.046 73.255
0 74.457
1 74.640 74.796
1 77.095 77.356
1 79.002 79.159
0 79.655
0 81.405
1 81.693 81.902
1 81.954 83.103
1 84.357 86.839
1 87.100 87.361
1 87.596 88.145
1 88.485 88.694
1 90.496 91.358
1 92.847 95.094
1 95.459 99.038
1 100.188 102.748
1 102.956 103.270
1 103.453 107.005
1 107.659 108.259
1 109.905 110.140
1 112.909 114.894
1 115.260 119.388
1 120.746 122.862
1 123.541 124.037
1 125.500 125.788
1 127.198 128.348
1 129.157 136.236
1 136.550 138.640
0 139.058
0 139.293
0 139.554
0 139.685
0 139.946
1 140.207 140.991
1 142.036 142.349
1 144.047 144.334
0 145.040
0 145.301
0 145.536
0 149.089
0 149.298
0 149.507
0 149.690
0 150.055
0 150.290
0 150.839
1 151.100 151.910
1 152.093 152.955
1 153.948 154.653
1 154.888 155.593
1 155.959 156.116
1 156.690 156.952
1 158.388 158.754
1 158.989 159.459
1 160.504 160.792
1 160.948 162.542
1 163.587 163.848
1 163.952 164.997
1 165.938 166.591
1 166.956 167.505
1 167.792 168.001
1 168.994 170.588
