0 9.500
0 12.500
0 16.500
0 18.576
0 20.576
0 24.076
0 25.576
0 28.076
0 31.076
0 35.076
0 37.151
0 39.151
0 42.651
0 44.151
0 47.151
0 49.151
0 51.901
0 52.901
0 53.901
0 56.151
0 57.651
0 59.401
0 60.401
0 60.651
0 61.151
0 61.401
0 62.401
0 63.651
0 64.151
0 67.901
0 69.151
0 69.651
0 69.901
0 71.651
0 72.151
0 73.151
0 73.651
0 74.151
0 76.901
0 77.401
0 79.651
0 81.151
0 81.651
0 84.901
0 85.401
0 86.401
0 89.151
0 90.151
0 90.401
0 90.901
0 92.151
0 93.901
0 96.401
0 97.151
0 97.651
0 98.651
0 100.151
0 101.401
0 101.901
0 103.401
0 104.901
0 106.651
0 107.151
0 108.651
0 110.401
0 111.901
0 112.901
0 114.151
0 115.651
0 116.151
0 116.651
0 120.151
0 120.651
0 122.651
0 124.151
0 124.651
0 125.151
0 130.651
0 132.651
0 133.151
0 136.901
0 137.401
0 139.651
0 141.151
0 141.651
0 146.401
0 146.901
0 148.151
0 148.651
0 149.151
0 152.401
0 152.901
0 153.401
0 159.901
0 161.151
0 161.651
0 162.401
0 162.901
0 163.401
0 165.151
0 165.651
0 166.151
0 170.901
0 171.401
0 171.901
0 173.901
0 174.401
0 175.401
0 175.901
0 178.651
0 180.151
0 180.901
0 182.151
0 183.151
0 185.151
0 186.401
0 186.901
0 189.651
0 189.901
0 190.901
0 193.901
0 196.651
0 197.901
0 199.151
0 200.651
0 201.651
0 202.651
0 203.901
0 205.901
0 206.401
0 207.901
0 209.651
0 210.151
0 211.401
0 212.401
0 212.901
0 215.401
0 217.651
0 217.901
0 220.401
0 221.651
0 222.151
0 224.151
0 225.651
0 226.151
0 227.651
0 228.901
0 229.401
0 231.151
0 231.901
0 232.651
0 234.401
0 234.901
0 235.151
0 235.651
0 237.401
0 238.151
0 239.151
0 240.151
0 241.151
0 241.651
0 243.151
0 243.401
0 244.151
0 244.401
0 246.401
0 246.651
0 248.651
0 249.651
0 261.151
