0 11.500
0 15.000
0 17.576
0 19.576
0 23.076
0 24.076
0 25.576
0 26.576
0 30.076
0 33.576
0 36.151
0 38.151
0 40.651
0 41.651
0 42.651
0 43.151
0 44.151
0 45.151
0 46.151
0 47.651
0 48.651
0 49.651
0 51.401
0 53.401
0 55.151
0 58.151
0 61.901
0 64.651
0 65.151
0 65.651
0 67.401
0 72.651
0 75.901
0 79.151
0 80.151
0 83.151
0 83.651
0 88.651
0 91.651
0 94.901
0 95.901
0 97.151
0 98.151
0 100.651
0 103.151
0 104.651
0 105.151
0 107.401
0 107.901
0 109.151
0 110.901
0 111.651
0 113.401
0 119.901
0 120.401
0 120.901
0 126.901
0 128.401
0 128.901
0 129.401
0 130.151
0 133.651
0 137.901
0 142.151
0 143.901
0 145.401
0 145.901
0 147.401
0 149.901
0 150.401
0 151.401
0 154.151
0 154.651
0 155.651
0 156.651
0 157.151
0 157.651
0 158.401
0 158.901
0 163.901
0 164.401
0 166.901
0 167.401
0 168.401
0 168.901
0 169.651
0 170.151
0 172.401
0 172.901
0 176.901
0 177.401
0 178.151
0 179.651
0 181.401
0 182.151
0 183.651
0 184.651
0 185.901
0 187.401
0 188.401
0 190.651
0 191.151
0 192.151
0 194.151
0 195.401
0 198.401
0 199.401
0 200.151
0 202.401
0 204.901
0 207.151
0 208.151
0 209.401
0 210.901
0 212.151
0 214.151
0 214.901
0 216.151
0 216.651
0 217.151
0 218.151
0 219.151
0 221.401
0 221.901
0 223.401
0 224.901
0 225.151
0 226.901
0 228.401
0 229.901
0 230.401
0 233.151
0 233.651
0 236.401
0 236.901
0 238.401
0 239.401
0 240.401
0 242.401
0 245.151
0 245.401
0 247.401
0 247.651
0 248.151
0 249.151
0 261.151
