0 9.000
0 11.000
0 14.500
0 17.061
0 19.076
0 22.076
0 23.576
0 25.076
0 26.076
0 27.576
0 29.576
0 33.076
0 35.637
0 37.651
0 40.651
0 42.151
0 43.651
0 44.651
0 46.651
0 50.401
0 50.901
0 52.151
0 52.651
0 54.651
0 55.651
0 56.401
0 56.901
0 57.151
0 59.901
0 63.151
0 66.151
0 68.401
0 70.901
0 75.151
0 76.401
0 78.901
0 80.151
0 80.651
0 88.151
0 89.651
0 91.151
0 94.651
0 95.151
0 96.651
0 98.901
0 99.401
0 99.651
0 102.401
0 103.651
0 103.901
0 105.651
0 106.151
0 109.901
0 112.151
0 112.401
0 113.151
0 114.151
0 115.151
0 117.651
0 118.901
0 121.401
0 121.901
0 122.651
0 123.151
0 126.151
0 127.901
0 129.901
0 131.151
0 132.151
0 134.651
0 135.901
0 138.401
0 138.901
0 139.651
0 140.151
0 143.151
0 144.901
0 147.151
0 149.651
0 150.151
0 150.651
0 153.901
0 154.401
0 154.901
0 159.651
0 160.151
0 160.901
0 161.401
0 161.901
0 162.651
0 163.151
0 166.651
0 167.151
0 167.651
0 169.401
0 169.901
0 170.401
0 173.651
0 174.151
0 174.651
0 175.151
0 175.651
0 176.151
0 177.901
0 178.401
0 178.901
0 181.151
0 182.401
0 182.651
0 184.151
0 185.401
0 185.651
0 186.651
0 188.151
0 188.901
0 189.401
0 190.151
0 191.651
0 192.651
0 193.151
0 194.401
0 194.901
0 195.901
0 196.901
0 197.401
0 198.151
0 199.151
0 200.901
0 201.151
0 203.401
0 205.401
0 206.651
0 207.651
0 208.651
0 213.401
0 215.651
0 217.651
0 217.901
0 220.651
0 222.401
0 222.651
0 222.901
0 223.901
0 224.651
0 226.651
0 227.151
0 228.151
0 230.901
0 231.401
0 232.151
0 232.401
0 234.151
0 234.651
0 235.401
0 235.901
0 237.651
0 237.901
0 238.901
0 239.901
0 240.901
0 241.901
0 242.901
0 244.651
0 244.901
0 245.901
0 246.151
0 247.901
0 248.901
0 261.151
