0 10.000
0 13.500
0 21.076
0 24.576
0 28.576
0 32.076
0 39.151
0 39.651
0 43.151
0 46.151
0 47.901
0 48.401
0 58.901
0 64.901
0 65.401
0 66.651
0 68.901
0 70.401
0 73.401
0 73.901
0 74.651
0 77.651
0 78.151
0 78.401
0 79.401
0 81.901
0 82.401
0 82.651
0 84.401
0 85.901
0 86.151
0 86.651
0 86.901
0 87.401
0 87.651
0 87.901
0 88.651
0 92.901
0 93.401
0 94.401
0 95.401
0 96.151
0 102.901
0 104.401
0 105.651
0 108.151
0 111.401
0 113.651
0 114.651
0 115.901
0 116.401
0 117.151
0 118.401
0 119.401
0 121.651
0 122.151
0 123.651
0 124.401
0 124.901
0 125.651
0 127.401
0 128.651
0 129.151
0 130.401
0 131.151
0 131.651
0 132.901
0 133.401
0 134.151
0 135.401
0 136.401
0 137.151
0 137.651
0 138.651
0 139.151
0 140.651
0 141.401
0 141.901
0 142.651
0 144.401
0 145.651
0 146.151
0 147.651
0 148.401
0 148.901
0 151.151
0 151.651
0 152.651
0 153.151
0 155.401
0 155.901
0 156.901
0 157.401
0 158.151
0 158.651
0 159.151
0 164.151
0 165.401
0 165.901
0 168.151
0 168.651
0 171.151
0 171.651
0 172.651
0 173.151
0 176.651
0 177.151
0 179.401
0 179.901
0 180.401
0 181.651
0 183.901
0 187.901
0 190.651
0 192.401
0 193.651
0 195.151
0 196.401
0 198.651
0 199.651
0 202.151
0 202.901
0 203.651
0 204.401
0 205.151
0 206.901
0 207.651
0 209.151
0 210.651
0 211.151
0 211.901
0 213.901
0 214.401
0 215.151
0 216.401
0 216.901
0 218.151
0 220.901
0 223.651
0 225.901
0 226.401
0 227.901
0 229.151
0 230.151
0 230.651
0 233.401
0 233.901
0 236.151
0 236.651
0 238.651
0 239.651
0 240.651
0 242.151
0 242.651
0 243.651
0 243.901
0 246.901
0 247.151
0 248.401
0 249.401
0 261.151
